7424
2893
8822
1716
1097
3761
3079
7178
9322
5979
5318
2771
2695
3831
7590
1352
4065
8506
4768
8487
6531
5363
9469
2570
8272
7728
6749
2961
7399
6014
9466
5297
7206
3870
2692
2453
7783
9439
2136
2814
2687
9802
8602
4848
7925
2866
7362
5014
8637
4330
8303
4957
6059
5745
1918
5292
4547
7205
9469
6664
3058
8434
3926
2764
7909
7779
6830
8069
8805
8535
9268
5824
5075
3231
9483
4860
7866
3486
9726
8192
9970
5633
3066
2678
2971
6441
8098
8351
4323
1640
9963
5350
9651
7205
2270
1688
2228
3574
4984
8429
9975
6024
7762
9178
2942
6201
7309
6568
1317
5539
7482
4970
8966
5516
5860
1404
2347
8509
7103
1000
3199
2936
5372
9578
6282
8412
4366
9555
6623
9308
5268
4651
8333
1528
7117
2945
2374
3604
3226
2450
1511
8812
6535
1809
4580
3306
5222
5220
2565
9461
5319
1308
9141
6417
2828
9741
4806
2006
3428
2746
7173
3113
4029
6676
4719
2995
9609
1613
4796
4732
3190
2165
2743
4068
8789
1453
5037
1428
2453
3874
6827
6926
2384
8693
1562
3732
7903
8426
2114
2720
5560
9718
5815
5324
2642
2178
9113
8884
8503
1701
3666
2054
6285
5818
2148
9556
9880
4610
1101
5228
8227
5618
1390
2535
3387
4642
4707
6841
6758
6889
2794
8500
7688
1058
4756
6720
7948
5327
7726
3186
4578
3660
4547
3157
9060
9423
4466
1010
6755
7121
9147
5536
9582
8170
4092
4323
6382
9835
1395
3715
9960
9007
5948
6180
3834
8020
1352
6082
4838
3216
4821
3368
2726
6606
5495
1450
4775
3703
6647
7504
5618
7583
9406
2350
1455
9324
7051
2816
3445
4457
4175
1651
2929
9321
6776
6479
4666
1129
3571
3543
7365
2547
8736
5499
6208
1961
9462
1494
7263
1958
3501
3791
9997
4026
6594
7370
7742
6952
6430
9808
3483
8085
8415
3266
2167
2649
2252
1034
6239
1170
2792
6484
4564
9690
2995
5065
1275
4883
3063
6913
1745
1921
5155
4356
3061
9271
6652
2106
8159
6802
2629
4411
8559
9068
6315
7373
4926
3539
1045
7434
2692
3003
7177
8516
7869
5686
5218
9738
7222
3525
1773
9192
6698
6305
5320
8114
5309
9346
1442
4163
1012
1051
4705
2320
5992
8275
5242
9999
3414
5566
1855
1986
7944
9417
6533
3508
8789
3437
5695
2557
4847
3048
3606
8748
1862
4341
8151
3688
2280
9104
2671
5868
5876
1538
6491
6679
2051
5926
5738
8563
5311
1592
1740
3499
9492
1195
5702
5767
6072
4268
5871
8957
2914
2089
8344
6471
8378
2399
3560
9283
7355
7023
8324
4931
7520
9545
9182
5116
5300
3537
6344
1821
1404
9595
2679
8995
6036
6359
8226
6065
5718
2537
7520
5003
8967
1999
4420
5166
5193
4332
8802
7058
4753
4257
6747
8185
6729
9681
3263
7518
2587
8627
1634
6836
2507
1920
2621
1209
6233
5348
7071
9831
6786
3420
2143
7495
3764
1218
2004
2322
3971
6003
6990
2891
6141
5051
1498
2093
4086
4060
4129
5193
2262
4538
9996
3836
3161
9078
6980
5348
1374
1860
6508
5325
8629
3871
2925
6451
6066
4168
9815
2043
3082
1780
7092
7213
6693
7555
6776
4199
6854
5278
7451
9260
6405
2103
1891
5449
4470
7844
4046
4094
7869
7687
7622
1641
1953
5456
2756
4693
4657
3687
6242
3620
7719
6211
8518
3285
7048
9157
8458
1120
4471
6382
8500
7443
1270
9713
6846
2405
8315
7693
7529
5618
9879
8370
5962
3607
9028
5039
8512
6297
4137
1600
5490
2395
4366
3093
4000
8315
6929
7791
6788
1820
6773
2438
3533
1310
9235
4377
1221
7978
8953
8695
5179
9544
1885
5983
4940
6706
8395
2419
9201
8585
7881
1506
6948
7626
1561
2101
