7369
9834
9648
4739
4730
7286
2475
7532
3786
7151
8427
1534
6272
6266
6633
9219
9855
5971
6641
8941
6944
8240
5833
8306
7460
8593
8945
6895
6954
2045
9057
3210
5052
6579
5160
4655
9522
3679
2916
9191
7699
5249
5772
6089
9718
1708
5177
4682
8888
3906
4356
3857
8108
2222
1690
3761
1886
7354
6616
7374
7341
8307
8496
8364
7891
6161
5796
4772
7931
8761
9307
3536
7184
1131
7187
8666
9692
6370
9353
7284
3469
6910
9674
2412
7120
9620
9318
8303
2029
9330
1580
1668
2601
4102
1427
8126
1744
4143
8322
1494
8573
9972
6866
7662
7042
4360
5837
4700
1367
1598
4912
2834
8161
1190
5719
1128
8497
6110
8675
1289
1794
3270
4139
2611
3645
4402
1318
2295
7858
1048
2665
9236
8591
4364
8818
3683
5598
5423
8077
4986
4810
8962
9781
9007
7389
4928
1701
3749
7469
2629
6806
2909
2009
6095
8759
2183
4126
3831
7420
7318
3795
8742
6928
2026
5633
3335
8738
2276
1321
8221
8991
9495
3521
6825
2192
2020
5426
1914
6624
2049
7835
8921
3555
4491
7721
5741
2118
4001
5841
4281
2001
4757
4213
3227
3045
9245
9300
3311
8348
6090
3928
9076
7297
2433
7804
9018
6902
3830
6244
2609
9721
8777
6498
6397
8766
2616
8939
5825
9449
2441
8684
5152
8336
7990
6202
6270
2607
3841
1052
9709
4243
3084
2992
8851
6509
7933
3954
8395
1921
4559
6431
5691
2789
6825
5014
2226
2787
3108
3024
3388
8024
1048
4736
2697
7651
6371
5822
3961
7432
5177
7264
5243
7333
6303
1910
6351
1938
8037
9896
6319
9157
7465
6831
6659
2435
5116
4144
5530
3697
4380
3986
2412
1922
7223
3491
7888
5341
5190
7905
4696
2534
5086
4574
5144
3896
4164
3039
4607
6609
5794
2423
3105
7343
3928
4312
5855
3488
4912
2974
8207
6734
4242
2810
5230
2578
3249
9479
7728
5634
1534
1318
9172
5324
7401
9633
6093
9238
1105
6731
1108
4882
6624
3109
6388
8735
1419
2516
5363
5119
2206
6712
6421
9582
7498
5929
7826
7940
3350
2236
5362
1929
4639
7820
7851
4767
1748
2841
3260
7164
2337
5442
1735
5866
8688
8656
4003
5513
6844
1092
4239
1198
4717
3961
8122
9665
2010
6916
4425
9186
8171
2331
9740
1540
7237
5946
8663
2432
7080
8785
7017
5539
4459
4345
9609
9477
6832
9337
9693
6845
3797
5159
6933
8483
3404
3213
9072
7921
7519
5099
1754
1044
1420
4684
1602
2834
6801
2756
5666
6457
3405
4191
9778
6479
8598
4855
4823
7026
1410
2563
7049
